np.max(pll_g_t-pll_g)
0.005740984837924507

np.min(pll_g_t-pll_g)
-0.003791229810935875

np.max(qll_g_t-qll_g)
0.05020903568605654

np.min(qll_g_t-qll_g)
-0.037209504032665486

np.max(psg_t-psg)
0.0013623328627434717

np.min(psg_t-psg)
-0.0037912298109364917

np.max(qsg_t-qsg)
0.016141006521838933

np.min(qsg_t-qsg)
-0.01255134168361004

pll_ld_t-pll_ld
array([0., 0., 0., 0., 0., 0., 0., 0., 0., 0., 0., 0., 0., 0., 0., 0., 0.,
       0., 0., 0., 0., 0., 0., 0., 0., 0., 0., 0., 0., 0., 0., 0., 0., 0.,
       0., 0., 0., 0., 0., 0., 0., 0., 0., 0., 0., 0., 0., 0., 0., 0., 0.,
       0., 0., 0., 0., 0., 0., 0., 0., 0., 0., 0., 0., 0., 0., 0., 0., 0.,
       0., 0., 0., 0., 0., 0., 0., 0., 0., 0., 0., 0., 0., 0., 0., 0., 0.,
       0., 0., 0., 0., 0., 0., 0., 0., 0., 0., 0., 0., 0., 0., 0., 0., 0.,
       0., 0., 0., 0., 0., 0., 0., 0., 0., 0., 0., 0., 0., 0., 0., 0., 0.,
       0., 0., 0., 0., 0., 0., 0., 0., 0., 0., 0., 0., 0., 0., 0., 0., 0.,
       0., 0., 0., 0., 0., 0., 0., 0., 0., 0., 0., 0., 0., 0., 0., 0., 0.,
       0., 0., 0., 0., 0., 0., 0., 0., 0., 0., 0., 0., 0., 0., 0., 0., 0.,
       0., 0., 0., 0., 0., 0., 0., 0., 0., 0., 0., 0., 0., 0., 0., 0., 0.,
       0., 0., 0., 0., 0., 0., 0., 0., 0., 0., 0.])

qll_ld_t-qll_ld
array([0., 0., 0., 0., 0., 0., 0., 0., 0., 0., 0., 0., 0., 0., 0., 0., 0.,
       0., 0., 0., 0., 0., 0., 0., 0., 0., 0., 0., 0., 0., 0., 0., 0., 0.,
       0., 0., 0., 0., 0., 0., 0., 0., 0., 0., 0., 0., 0., 0., 0., 0., 0.,
       0., 0., 0., 0., 0., 0., 0., 0., 0., 0., 0., 0., 0., 0., 0., 0., 0.,
       0., 0., 0., 0., 0., 0., 0., 0., 0., 0., 0., 0., 0., 0., 0., 0., 0.,
       0., 0., 0., 0., 0., 0., 0., 0., 0., 0., 0., 0., 0., 0., 0., 0., 0.,
       0., 0., 0., 0., 0., 0., 0., 0., 0., 0., 0., 0., 0., 0., 0., 0., 0.,
       0., 0., 0., 0., 0., 0., 0., 0., 0., 0., 0., 0., 0., 0., 0., 0., 0.,
       0., 0., 0., 0., 0., 0., 0., 0., 0., 0., 0., 0., 0., 0., 0., 0., 0.,
       0., 0., 0., 0., 0., 0., 0., 0., 0., 0., 0., 0., 0., 0., 0., 0., 0.,
       0., 0., 0., 0., 0., 0., 0., 0., 0., 0., 0., 0., 0., 0., 0., 0., 0.,
       0., 0., 0., 0., 0., 0., 0., 0., 0., 0., 0.])

pll_g_t-pll_g
array([ 0.00000000e+00,  8.96614061e-04,  1.00869144e-04,  0.00000000e+00,
        1.00869144e-04,  6.51208267e-05,  4.58036221e-04,  3.11921148e-04,
        4.44712740e-04,  3.87057561e-04,  0.00000000e+00,  0.00000000e+00,
        1.03125288e-04,  1.86330652e-04,  1.03133896e-04,  0.00000000e+00,
        4.18065573e-04,  0.00000000e+00,  1.03036830e-04,  1.48885912e-04,
        1.01270021e-04,  1.84080560e-05,  0.00000000e+00,  0.00000000e+00,
        0.00000000e+00,  0.00000000e+00,  0.00000000e+00,  0.00000000e+00,
        1.03133896e-04,  0.00000000e+00,  5.45006918e-04,  5.95746735e-04,
        7.81565257e-05,  5.45003561e-04,  0.00000000e+00,  4.01248878e-04,
        2.41465611e-04,  1.02980105e-04,  4.09465141e-04,  5.95751502e-04,
        5.95747420e-04,  1.02084769e-04,  4.09538407e-04,  6.95585051e-04,
        9.15078541e-04,  6.73286752e-04,  5.70240252e-04,  1.01270021e-04,
        1.01270021e-04,  1.01270021e-04,  1.01270021e-04,  1.01270021e-04,
        1.01270021e-04,  0.00000000e+00,  4.58036221e-04,  1.03125288e-04,
        1.86330652e-04,  4.16290682e-04,  1.03133896e-04,  3.11921148e-04,
        1.03036830e-04,  1.48885912e-04, -3.55327220e-04,  1.01270021e-04,
       -4.18922048e-04, -7.38988767e-05,  0.00000000e+00,  0.00000000e+00,
        1.03133896e-04,  2.29681494e-04,  0.00000000e+00,  5.45006918e-04,
        5.95746735e-04, -6.17700469e-05,  5.45003561e-04,  0.00000000e+00,
        3.17780015e-04,  4.09465141e-04,  5.95751502e-04,  5.28851395e-04,
        5.95778333e-04,  8.05970731e-04,  8.05970731e-04,  8.05970731e-04,
        1.02489381e-04, -9.25668134e-05,  1.80233392e-04,  3.87057561e-04,
        5.35553080e-04,  1.03280378e-04,  1.86330652e-04,  1.03036830e-04,
        1.48885912e-04,  0.00000000e+00, -3.00000000e-04,  1.03376981e-04,
        1.01270021e-04,  1.01270021e-04,  1.01270021e-04,  1.01270021e-04,
        1.01270021e-04,  1.86330652e-04,  1.48885912e-04, -3.55327220e-04,
        8.33755416e-04,  8.28039892e-04, -1.19896654e-03, -1.19896654e-03,
       -1.19896654e-03,  0.00000000e+00, -1.19896654e-03, -3.79122981e-03,
        0.00000000e+00,  1.86330652e-04,  0.00000000e+00,  4.18065573e-04,
        1.48885912e-04, -7.50996340e-04,  1.84080560e-05, -1.69367327e-03,
        5.95747420e-04,  2.53337323e-03,  5.74098484e-03,  5.47811374e-03,
        2.68193694e-03,  1.00869144e-04,  1.03036830e-04,  8.05970731e-04,
        3.11921148e-04,  5.44133765e-04,  1.03280378e-04,  1.03400388e-04,
        0.00000000e+00,  1.03376981e-04,  2.29681494e-04,  0.00000000e+00,
        1.03280378e-04,  1.03400388e-04,  1.03376981e-04,  1.00869144e-04,
        1.36233286e-03,  5.95761659e-04,  2.27660986e-04,  4.94130311e-04,
        0.00000000e+00,  3.77366062e-04,  5.44133765e-04,  5.57611236e-04,
        1.03125288e-04,  5.45020010e-04,  4.16290682e-04,  4.18065573e-04,
        1.03036830e-04,  0.00000000e+00,  1.84080560e-05,  1.00869144e-04,
        1.00869144e-04,  1.00869144e-04,  5.45003561e-04,  2.20184570e-04,
        1.03133896e-04,  0.00000000e+00,  5.95748671e-04,  5.95747447e-04,
        4.09538407e-04,  5.44133765e-04,  1.02084769e-04,  1.94828181e-04,
        1.03125288e-04,  8.05970731e-04,  1.02507430e-04,  1.02563948e-04,
        1.02507430e-04,  6.28396338e-04,  6.28396338e-04,  8.45610436e-04,
        1.86330652e-04, -1.69367327e-03,  1.03036830e-04,  1.03400388e-04,
        1.03036830e-04,  1.95179708e-04,  1.95502556e-04,  1.95502556e-04,
        1.95826825e-04,  1.96891049e-04,  1.96937220e-04,  1.97919602e-04,
        1.98063721e-04,  1.02084769e-04,  1.96937220e-04,  1.98063721e-04,
        1.02563948e-04,  5.38056641e-04,  5.51364387e-04,  1.48885912e-04,
        1.03036830e-04,  1.95179708e-04])

qll_g_t-qll_g
array([-0.00732724,  0.00433122, -0.00247635, -0.00898945, -0.00247635,
        0.00261318,  0.00314172,  0.00301727,  0.00311221,  0.0029851 ,
       -0.01255134, -0.01324393,  0.00251688,  0.00270382,  0.00251688,
       -0.01148278,  0.00305273, -0.00786152,  0.00251688,  0.00262116,
        0.00251695, -0.00279519,  0.00216831,  0.00245369, -0.00898945,
        0.00046678, -0.00856547, -0.0129327 ,  0.00251688,  0.00090907,
       -0.00066421, -0.00056903,  0.00262442, -0.00066421, -0.01312025,
       -0.00075938,  0.00286915,  0.00251688, -0.00075022, -0.00056902,
       -0.00056903,  0.00251692,  0.00303412,  0.00168475,  0.00496576,
        0.0021678 ,  0.00016451,  0.00251695,  0.00251695,  0.00251695,
        0.00251695,  0.00251695,  0.00251695, -0.00721432,  0.00314172,
        0.00251688,  0.00270382, -0.0007432 ,  0.00251688,  0.00301727,
        0.00251688,  0.00262116,  0.0014992 ,  0.00251695,  0.00141276,
        0.00245369,  0.00046678, -0.0129327 ,  0.00251688,  0.00283958,
        0.00090907, -0.00066421, -0.00056903,  0.00138738, -0.00066421,
       -0.0371645 , -0.00162905, -0.00075022, -0.00056902, -0.00074306,
       -0.00056899,  0.00408706,  0.00408706,  0.00408706,  0.0025169 ,
        0.0012333 ,  0.00135135,  0.0029851 ,  0.00331541,  0.00251687,
        0.00270382,  0.00251688,  0.00262116, -0.00577938,  0.00216831,
        0.00251687,  0.00251695,  0.00251695,  0.00251695,  0.00251695,
        0.00251695,  0.00270382,  0.00262116,  0.0014992 ,  0.00418455,
        0.00417461, -0.00732724, -0.00732724, -0.00732724, -0.00898945,
       -0.00732724, -0.01255134, -0.0372095 ,  0.00270382, -0.01148278,
        0.00305273,  0.00262116, -0.00577938, -0.00279519, -0.00898945,
       -0.00056903,  0.01923821,  0.05020904,  0.04806061,  0.02033418,
       -0.00247635,  0.00251688,  0.00408706,  0.00301727,  0.00350987,
        0.00251687,  0.00251687,  0.0014992 ,  0.00251687,  0.00283958,
       -0.00780574,  0.00251687,  0.00251687,  0.00251687, -0.00247635,
        0.01614101, -0.00056901,  0.00283744,  0.00322332,  0.00090906,
        0.00297345,  0.00350987, -0.0006333 ,  0.00251688, -0.0006642 ,
       -0.0007432 ,  0.00305273,  0.00251688, -0.01267482, -0.00279519,
       -0.00247635, -0.00247635, -0.00247635, -0.00066421,  0.00274676,
        0.00251688, -0.00898945, -0.00056902, -0.00056903,  0.00303412,
        0.00350987,  0.00251692,  0.00272333,  0.00251688,  0.00408706,
        0.0025169 ,  0.0025169 ,  0.0025169 ,  0.00371464,  0.00371464,
        0.00059399,  0.00270382, -0.00898945,  0.00251688,  0.00251687,
        0.00251688,  0.0027233 ,  0.00272328,  0.00272328,  0.00272325,
        0.00272318,  0.00272317,  0.0027231 ,  0.00272309,  0.00251692,
        0.00272317,  0.00272309,  0.0025169 ,  0.00352413,  0.00353713,
        0.00262116,  0.00251688,  0.0027233 ])


psg_t-psg
array([ 3.11921148e-04,  3.11921148e-04,  4.09538407e-04,  6.95585051e-04,
        9.15078541e-04,  1.01270021e-04,  1.01270021e-04,  1.01270021e-04,
        1.01270021e-04,  1.01270021e-04,  1.01270021e-04,  1.01270021e-04,
        1.01270021e-04,  1.01270021e-04,  1.01270021e-04,  1.01270021e-04,
        1.01270021e-04,  1.01270021e-04,  1.01270021e-04,  1.01270021e-04,
        4.58036221e-04,  1.03125288e-04,  1.03125288e-04,  1.86330652e-04,
        1.86330652e-04,  1.03133896e-04,  1.03133896e-04,  3.11921148e-04,
        3.11921148e-04,  1.03036830e-04,  1.03036830e-04,  1.48885912e-04,
        1.48885912e-04, -3.55327220e-04, -3.55327220e-04,  1.01270021e-04,
        1.01270021e-04, -4.18922048e-04, -7.38988767e-05,  1.03133896e-04,
        1.03133896e-04,  2.29681494e-04,  2.29681494e-04,  5.95746735e-04,
        5.95746735e-04, -6.17700469e-05,  5.45003561e-04,  5.45003561e-04,
        5.95751502e-04,  5.95751502e-04,  8.05970731e-04,  8.05970731e-04,
        8.05970731e-04,  8.05970731e-04, -9.25668134e-05,  3.87057561e-04,
        1.86330652e-04,  1.86330652e-04,  1.03036830e-04,  1.03036830e-04,
        1.48885912e-04,  1.48885912e-04, -3.39817852e-04,  1.01270021e-04,
        1.01270021e-04,  1.01270021e-04,  1.86330652e-04,  1.86330652e-04,
        1.48885912e-04,  1.48885912e-04, -3.55327220e-04, -3.55327220e-04,
       -1.19896654e-03, -1.19896654e-03, -1.19896654e-03, -1.19896654e-03,
       -1.19896654e-03, -1.19896654e-03, -1.19896654e-03, -1.19896654e-03,
       -3.79122981e-03,  1.86330652e-04,  1.86330652e-04,  4.18065573e-04,
        4.18065573e-04,  1.48885912e-04,  1.48885912e-04, -7.50996340e-04,
       -7.50996340e-04,  1.84080560e-05,  1.84080560e-05, -1.69367327e-03,
       -1.69367327e-03,  5.95747420e-04,  5.95747420e-04,  1.03036830e-04,
        1.03036830e-04,  1.03280378e-04,  1.03280378e-04,  1.03400388e-04,
        1.03400388e-04,  1.03376981e-04,  1.03376981e-04,  1.00869144e-04,
        1.00869144e-04,  1.36233286e-03,  5.44133765e-04,  1.03036830e-04,
        1.03036830e-04,  1.00869144e-04,  1.00869144e-04,  1.00869144e-04,
        1.00869144e-04,  1.00869144e-04,  1.00869144e-04,  5.44133765e-04,
        5.44133765e-04,  1.03125288e-04,  1.03125288e-04,  8.05970731e-04,
        8.05970731e-04,  1.86330652e-04,  1.86330652e-04, -1.69367327e-03,
       -1.69367327e-03,  1.03036830e-04,  1.03036830e-04,  1.03400388e-04,
        1.03400388e-04,  1.03036830e-04,  1.03036830e-04,  6.51208267e-05,
        0.00000000e+00,  1.86330652e-04,  1.03133896e-04,  1.03036830e-04,
        1.48885912e-04,  1.03133896e-04,  3.87057561e-04,  1.86330652e-04,
        1.48885912e-04,  0.00000000e+00,  0.00000000e+00,  1.03280378e-04,
        1.00869144e-04,  5.44133765e-04,  1.03036830e-04,  5.44133765e-04,
        3.11921148e-04])

qsg_t-qsg
array([ 0.00301727,  0.00301727,  0.00303412,  0.00168475,  0.00496576,
        0.00251695,  0.00251695,  0.00251695,  0.00251695,  0.00251695,
        0.00251695,  0.00251695,  0.00251695,  0.00251695,  0.00251695,
        0.00251695,  0.00251695,  0.00251695,  0.00251695,  0.00251695,
        0.00314172,  0.00251688,  0.00251688,  0.00270382,  0.00270382,
        0.00251688,  0.00251688,  0.00301727,  0.00301727,  0.00251688,
        0.00251688,  0.00262116,  0.00262116,  0.0014992 ,  0.0014992 ,
        0.00251695,  0.00251695,  0.00141276,  0.00245369,  0.00251688,
        0.00251688,  0.00283958,  0.00283958, -0.00056903, -0.00056903,
        0.00138738, -0.00066421, -0.00066421, -0.00056902, -0.00056902,
        0.00408706,  0.00408706,  0.00408706,  0.00408706,  0.0012333 ,
        0.0029851 ,  0.00270382,  0.00270382,  0.00251688,  0.00251688,
        0.00262116,  0.00262116,  0.00216831,  0.00251695,  0.00251695,
        0.00251695,  0.00270382,  0.00270382,  0.00262116,  0.00262116,
        0.0014992 ,  0.0014992 , -0.00732724, -0.00732724, -0.00732724,
       -0.00732724, -0.00732724, -0.00732724, -0.00732724, -0.00732724,
       -0.01255134,  0.00270382,  0.00270382,  0.00305273,  0.00305273,
        0.00262116,  0.00262116, -0.00577938, -0.00577938, -0.00279519,
       -0.00279519, -0.00898945, -0.00898945, -0.00056903, -0.00056903,
        0.00251688,  0.00251688,  0.00251687,  0.00251687,  0.00251687,
        0.00251687,  0.00251687,  0.00251687, -0.00247635, -0.00247635,
        0.01614101,  0.00350987,  0.00251688,  0.00251688, -0.00247635,
       -0.00247635, -0.00247635, -0.00247635, -0.00247635, -0.00247635,
        0.00350987,  0.00350987,  0.00251688,  0.00251688,  0.00408706,
        0.00408706,  0.00270382,  0.00270382, -0.00898945, -0.00898945,
        0.00251688,  0.00251688,  0.00251687,  0.00251687,  0.00251688,
        0.00251688,  0.        ,  0.00245369,  0.00270382,  0.00251688,
        0.00251688,  0.00262116,  0.00251688,  0.0029851 ,  0.00270382,
        0.00262116,  0.        ,  0.        ,  0.00251687,  0.        ,
        0.00350987,  0.00251688,  0.00350987,  0.00301727])
        0.00259126, -0.00679862, -0.00679862,  0.00249148, -0.00215687,
        0.00344019,  0.00249149,  0.00344019,  0.00297028])