    13,'P1',     0.117,     0.000,     0.000,     0.000,1.00000,     0,     0.248, 0.00000E+0, 9.99900E+3, 0.00000E+0, 0.00000E+0,1.00000,1,  100.0,     0.248,     0.000,   1,1.0000,    ,      ,    ,      ,    ,      ,1, 1.0000
    13,'P2',     0.483,     0.000,     0.000,     0.000,1.00000,     0,     0.929, 0.00000E+0, 9.99900E+3, 0.00000E+0, 0.00000E+0,1.00000,1,  100.0,     0.929,     0.000,   1,1.0000,    ,      ,    ,      ,    ,      ,1, 1.0000
    13,'P3',     0.606,    -0.123,    -0.123,    -0.123,1.00000,     0,     1.466, 0.00000E+0, 9.99900E+3, 0.00000E+0, 0.00000E+0,1.00000,1,  100.0,     1.437,     0.000,   1,1.0000,    ,      ,    ,      ,    ,      ,1, 1.0000
    98,'P1',     0.032,     0.000,     0.000,     0.000,1.00000,     0,     0.068, 0.00000E+0, 9.99900E+3, 0.00000E+0, 0.00000E+0,1.00000,1,  100.0,     0.068,     0.000,   1,1.0000,    ,      ,    ,      ,    ,      ,1, 1.0000
    98,'P3',     0.148,    -0.030,    -0.030,    -0.030,1.00000,     0,     0.359, 0.00000E+0, 9.99900E+3, 0.00000E+0, 0.00000E+0,1.00000,1,  100.0,     0.351,     0.000,   1,1.0000,    ,      ,    ,      ,    ,      ,1, 1.0000
   101,'1 ',     2.370,     0.777,     3.000,     0.000,1.02000,   200,     6.250, 0.00000E+0, 1.08700E-1, 0.00000E+0, 0.00000E+0,1.00000,0,  100.0,     5.500,     0.000,   1,1.0000
   102,'2 ',     0.000,     2.038,     3.000,     0.000,1.02000,   200,     6.250, 0.00000E+0, 1.08700E-1, 0.00000E+0, 0.00000E+0,1.00000,0,  100.0,     5.500,     0.000,   1,1.0000
   103,'3 ',     3.000,     3.915,     7.100,     0.000,1.02000,   200,    13.529, 0.00000E+0, 1.18000E-1, 0.00000E+0, 0.00000E+0,1.00000,1,  100.0,    12.000,     0.000,   1,1.0000
   104,'4 ',     3.000,     3.915,     9.375,     0.000,1.02000,   200,    15.625, 0.00000E+0, 1.03300E-1, 0.00000E+0, 0.00000E+0,1.00000,1,  100.0,    13.000,     0.000,   1,1.0000
   105,'1 ',     0.000,     1.274,     1.875,     0.000,1.02500,    39,     3.440, 0.00000E+0, 2.98000E-1, 0.00000E+0, 0.00000E+0,1.00000,0,  100.0,     2.750,     0.000,   1,1.0000
   105,'2 ',     0.000,     1.010,     1.875,     0.000,1.02500,    39,     3.440, 0.00000E+0, 2.98000E-1, 0.00000E+0, 0.00000E+0,1.00000,0,  100.0,     2.750,     0.000,   1,1.0000
   105,'3 ',     0.000,     0.768,     1.875,     0.000,1.02500,    39,     3.440, 0.00000E+0, 2.98000E-1, 0.00000E+0, 0.00000E+0,1.00000,0,  100.0,     2.750,     0.000,   1,1.0000
   106,'4 ',     0.000,     0.559,     4.200,     0.000,1.02500,    39,     7.000, 0.00000E+0, 2.20000E-1, 0.00000E+0, 0.00000E+0,1.00000,0,  100.0,     6.160,     0.000,   1,1.0000
   106,'5 ',     0.000,     0.558,     4.200,     0.000,1.02500,    39,     7.000, 0.00000E+0, 2.20000E-1, 0.00000E+0, 0.00000E+0,1.00000,0,  100.0,     6.160,     0.000,   1,1.0000
   106,'8 ',     0.000,     0.617,     4.200,     0.000,1.02500,    39,     7.000, 0.00000E+0, 1.89000E-1, 0.00000E+0, 0.00000E+0,1.00000,0,  100.0,     6.160,     0.000,   1,1.0000
   107,'6 ',     0.000,     3.488,     4.200,     0.000,1.02500,    39,     7.000, 0.00000E+0, 2.20000E-1, 0.00000E+0, 0.00000E+0,1.00000,0,  100.0,     6.160,     0.000,   1,1.0000
   107,'7 ',     0.000,     3.029,     4.200,     0.000,1.02500,    39,     7.000, 0.00000E+0, 2.20000E-1, 0.00000E+0, 0.00000E+0,1.00000,0,  100.0,     6.160,     0.000,   1,1.0000
   107,'9 ',     0.000,     0.913,     4.200,     0.000,1.02500,    39,     7.000, 0.00000E+0, 1.89000E-1, 0.00000E+0, 0.00000E+0,1.00000,0,  100.0,     6.160,     0.000,   1,1.0000
   108,'0 ',     6.000,     1.026,     9.375,     0.000,1.02500,    39,    15.625, 0.00000E+0, 1.94000E-1, 0.00000E+0, 0.00000E+0,1.00000,0,  100.0,    13.750,     0.000,   1,1.0000
   108,'1 ',     7.960,     1.042,     9.375,     0.000,1.02500,    39,    15.625, 0.00000E+0, 1.94000E-1, 0.00000E+0, 0.00000E+0,1.00000,0,  100.0,    13.750,     0.000,   1,1.0000
   109,'2 ',     0.000,     2.129,     9.375,     0.000,1.02500,    39,    15.625, 0.00000E+0, 1.94000E-1, 0.00000E+0, 0.00000E+0,1.00000,0,  100.0,    13.750,     0.000,   1,1.0000
   109,'3 ',     0.000,     3.534,     9.375,     0.000,1.02500,    39,    15.625, 0.00000E+0, 1.94000E-1, 0.00000E+0, 0.00000E+0,1.00000,0,  100.0,    13.750,     0.000,   1,1.0000
   110,'1 ',     0.000,     1.321,     1.875,     0.000,1.02500,    39,     3.440, 0.00000E+0, 2.98000E-1, 0.00000E+0, 0.00000E+0,1.00000,0,  100.0,     2.750,     0.000,   1,1.0000
   110,'2 ',     0.000,     1.323,     1.875,     0.000,1.02500,    39,     3.440, 0.00000E+0, 2.98000E-1, 0.00000E+0, 0.00000E+0,1.00000,0,  100.0,     2.750,     0.000,   1,1.0000
   112,'P1',     0.178,     0.000,     0.000,     0.000,1.00000,     0,     0.377, 0.00000E+0, 9.99900E+3, 0.00000E+0, 0.00000E+0,1.00000,1,  100.0,     0.377,     0.000,   1,1.0000,    ,      ,    ,      ,    ,      ,1, 1.0000
   112,'P3',     0.739,    -0.150,    -0.150,    -0.150,1.00000,     0,     1.787, 0.00000E+0, 9.99900E+3, 0.00000E+0, 0.00000E+0,1.00000,1,  100.0,     1.751,     0.000,   1,1.0000,    ,      ,    ,      ,    ,      ,1, 1.0000
   123,'P1',     0.033,     0.000,     0.000,     0.000,1.00000,     0,     0.070, 0.00000E+0, 9.99900E+3, 0.00000E+0, 0.00000E+0,1.00000,1,  100.0,     0.070,     0.000,   1,1.0000,    ,      ,    ,      ,    ,      ,1, 1.0000
   123,'P2',     0.301,     0.000,     0.000,     0.000,1.00000,     0,     0.579, 0.00000E+0, 9.99900E+3, 0.00000E+0, 0.00000E+0,1.00000,1,  100.0,     0.579,     0.000,   1,1.0000,    ,      ,    ,      ,    ,      ,1, 1.0000
   123,'P3',     0.292,    -0.059,    -0.059,    -0.059,1.00000,     0,     0.706, 0.00000E+0, 9.99900E+3, 0.00000E+0, 0.00000E+0,1.00000,1,  100.0,     0.692,     0.000,   1,1.0000,    ,      ,    ,      ,    ,      ,1, 1.0000
   125,'P1',     0.100,     0.000,     0.000,     0.000,1.00000,     0,     0.213, 0.00000E+0, 9.99900E+3, 0.00000E+0, 0.00000E+0,1.00000,1,  100.0,     0.213,     0.000,   1,1.0000,    ,      ,    ,      ,    ,      ,1, 1.0000
   125,'P2',     0.414,     0.000,     0.000,     0.000,1.00000,     0,     0.795, 0.00000E+0, 9.99900E+3, 0.00000E+0, 0.00000E+0,1.00000,1,  100.0,     0.795,     0.000,   1,1.0000,    ,      ,    ,      ,    ,      ,1, 1.0000
   125,'P3',     0.621,    -0.126,    -0.126,    -0.126,1.00000,     0,     1.502, 0.00000E+0, 9.99900E+3, 0.00000E+0, 0.00000E+0,1.00000,1,  100.0,     1.472,     0.000,   1,1.0000,    ,      ,    ,      ,    ,      ,1, 1.0000
   129,'P1',     0.059,     0.000,     0.000,     0.000,1.00000,     0,     0.125, 0.00000E+0, 9.99900E+3, 0.00000E+0, 0.00000E+0,1.00000,1,  100.0,     0.125,     0.000,   1,1.0000,    ,      ,    ,      ,    ,      ,1, 1.0000
   129,'P2',     0.284,     0.000,     0.000,     0.000,1.00000,     0,     0.546, 0.00000E+0, 9.99900E+3, 0.00000E+0, 0.00000E+0,1.00000,1,  100.0,     0.546,     0.000,   1,1.0000,    ,      ,    ,      ,    ,      ,1, 1.0000
   129,'P3',     0.112,    -0.023,    -0.023,    -0.023,1.00000,     0,     0.272, 0.00000E+0, 9.99900E+3, 0.00000E+0, 0.00000E+0,1.00000,1,  100.0,     0.266,     0.000,   1,1.0000,    ,      ,    ,      ,    ,      ,1, 1.0000
   130,'P1',     0.117,     0.000,     0.000,     0.000,1.00000,     0,     0.248, 0.00000E+0, 9.99900E+3, 0.00000E+0, 0.00000E+0,1.00000,1,  100.0,     0.248,     0.000,   1,1.0000,    ,      ,    ,      ,    ,      ,1, 1.0000
   130,'P2',     0.483,     0.000,     0.000,     0.000,1.00000,     0,     0.929, 0.00000E+0, 9.99900E+3, 0.00000E+0, 0.00000E+0,1.00000,1,  100.0,     0.929,     0.000,   1,1.0000,    ,      ,    ,      ,    ,      ,1, 1.0000
   130,'P3',     0.606,    -0.123,    -0.123,    -0.123,1.00000,     0,     1.466, 0.00000E+0, 9.99900E+3, 0.00000E+0, 0.00000E+0,1.00000,1,  100.0,     1.437,     0.000,   1,1.0000,    ,      ,    ,      ,    ,      ,1, 1.0000
   134,'P1',     0.003,     0.000,     0.000,     0.000,1.00000,     0,     0.007, 0.00000E+0, 9.99900E+3, 0.00000E+0, 0.00000E+0,1.00000,1,  100.0,     0.007,     0.000,   1,1.0000,    ,      ,    ,      ,    ,      ,1, 1.0000
   134,'P2',     0.176,     0.000,     0.000,     0.000,1.00000,     0,     0.337, 0.00000E+0, 9.99900E+3, 0.00000E+0, 0.00000E+0,1.00000,1,  100.0,     0.337,     0.000,   1,1.0000,    ,      ,    ,      ,    ,      ,1, 1.0000
   134,'P3',     0.166,    -0.034,    -0.034,    -0.034,1.00000,     0,     0.400, 0.00000E+0, 9.99900E+3, 0.00000E+0, 0.00000E+0,1.00000,1,  100.0,     0.392,     0.000,   1,1.0000,    ,      ,    ,      ,    ,      ,1, 1.0000
   135,'P1',     0.133,     0.000,     0.000,     0.000,1.00000,     0,     0.282, 0.00000E+0, 9.99900E+3, 0.00000E+0, 0.00000E+0,1.00000,1,  100.0,     0.282,     0.000,   1,1.0000,    ,      ,    ,      ,    ,      ,1, 1.0000
   135,'P2',     0.898,     0.000,     0.000,     0.000,1.00000,     0,     1.725, 0.00000E+0, 9.99900E+3, 0.00000E+0, 0.00000E+0,1.00000,1,  100.0,     1.725,     0.000,   1,1.0000,    ,      ,    ,      ,    ,      ,1, 1.0000
   135,'P3',     1.183,    -0.240,    -0.240,    -0.240,1.00000,     0,     2.860, 0.00000E+0, 9.99900E+3, 0.00000E+0, 0.00000E+0,1.00000,1,  100.0,     2.803,     0.000,   1,1.0000,    ,      ,    ,      ,    ,      ,1, 1.0000
   136,'P1',     0.023,     0.000,     0.000,     0.000,1.00000,     0,     0.050, 0.00000E+0, 9.99900E+3, 0.00000E+0, 0.00000E+0,1.00000,1,  100.0,     0.050,     0.000,   1,1.0000,    ,      ,    ,      ,    ,      ,1, 1.0000
   136,'P2',     0.358,     0.000,     0.000,     0.000,1.00000,     0,     0.688, 0.00000E+0, 9.99900E+3, 0.00000E+0, 0.00000E+0,1.00000,1,  100.0,     0.688,     0.000,   1,1.0000,    ,      ,    ,      ,    ,      ,1, 1.0000
   136,'P3',     0.338,    -0.069,    -0.069,    -0.069,1.00000,     0,     0.817, 0.00000E+0, 9.99900E+3, 0.00000E+0, 0.00000E+0,1.00000,1,  100.0,     0.801,     0.000,   1,1.0000,    ,      ,    ,      ,    ,      ,1, 1.0000
   139,'P1',     0.114,     0.000,     0.000,     0.000,1.00000,     0,     0.242, 0.00000E+0, 9.99900E+3, 0.00000E+0, 0.00000E+0,1.00000,1,  100.0,     0.242,     0.000,   1,1.0000,    ,      ,    ,      ,    ,      ,1, 1.0000
   139,'P2',     1.024,     0.000,     0.000,     0.000,1.00000,     0,     1.967, 0.00000E+0, 9.99900E+3, 0.00000E+0, 0.00000E+0,1.00000,1,  100.0,     1.967,     0.000,   1,1.0000,    ,      ,    ,      ,    ,      ,1, 1.0000
   139,'P3',     0.900,    -0.183,    -0.183,    -0.183,1.00000,     0,     2.177, 0.00000E+0, 9.99900E+3, 0.00000E+0, 0.00000E+0,1.00000,1,  100.0,     2.134,     0.000,   1,1.0000,    ,      ,    ,      ,    ,      ,1, 1.0000
   141,'P1',     0.005,     0.000,     0.000,     0.000,1.00000,     0,     0.011, 0.00000E+0, 9.99900E+3, 0.00000E+0, 0.00000E+0,1.00000,1,  100.0,     0.011,     0.000,   1,1.0000,    ,      ,    ,      ,    ,      ,1, 1.0000
   141,'P3',     0.016,    -0.003,    -0.003,    -0.003,1.00000,     0,     0.039, 0.00000E+0, 9.99900E+3, 0.00000E+0, 0.00000E+0,1.00000,1,  100.0,     0.038,     0.000,   1,1.0000,    ,      ,    ,      ,    ,      ,1, 1.0000
   142,'P1',     0.030,     0.000,     0.000,     0.000,1.00000,     0,     0.064, 0.00000E+0, 9.99900E+3, 0.00000E+0, 0.00000E+0,1.00000,1,  100.0,     0.064,     0.000,   1,1.0000,    ,      ,    ,      ,    ,      ,1, 1.0000
   142,'P3',     0.007,    -0.001,    -0.001,    -0.001,1.00000,     0,     0.017, 0.00000E+0, 9.99900E+3, 0.00000E+0, 0.00000E+0,1.00000,1,  100.0,     0.016,     0.000,   1,1.0000,    ,      ,    ,      ,    ,      ,1, 1.0000
   150,'P1',     0.065,     0.000,     0.000,     0.000,1.00000,     0,     0.137, 0.00000E+0, 9.99900E+3, 0.00000E+0, 0.00000E+0,1.00000,1,  100.0,     0.137,     0.000,   1,1.0000,    ,      ,    ,      ,    ,      ,1, 1.0000
   150,'P2',     0.985,     0.000,     0.000,     0.000,1.00000,     0,     1.893, 0.00000E+0, 9.99900E+3, 0.00000E+0, 0.00000E+0,1.00000,1,  100.0,     1.893,     0.000,   1,1.0000,    ,      ,    ,      ,    ,      ,1, 1.0000
   150,'P3',     0.681,    -0.138,    -0.138,    -0.138,1.00000,     0,     1.646, 0.00000E+0, 9.99900E+3, 0.00000E+0, 0.00000E+0,1.00000,1,  100.0,     1.613,     0.000,   1,1.0000,    ,      ,    ,      ,    ,      ,1, 1.0000
   155,'P1',     0.030,     0.000,     0.000,     0.000,1.00000,     0,     0.064, 0.00000E+0, 9.99900E+3, 0.00000E+0, 0.00000E+0,1.00000,1,  100.0,     0.064,     0.000,   1,1.0000,    ,      ,    ,      ,    ,      ,1, 1.0000
   155,'P2',     0.099,     0.000,     0.000,     0.000,1.00000,     0,     0.191, 0.00000E+0, 9.99900E+3, 0.00000E+0, 0.00000E+0,1.00000,1,  100.0,     0.191,     0.000,   1,1.0000,    ,      ,    ,      ,    ,      ,1, 1.0000
   155,'P3',     0.169,    -0.034,    -0.034,    -0.034,1.00000,     0,     0.408, 0.00000E+0, 9.99900E+3, 0.00000E+0, 0.00000E+0,1.00000,1,  100.0,     0.400,     0.000,   1,1.0000,    ,      ,    ,      ,    ,      ,1, 1.0000
   173,'P1',     0.045,     0.000,     0.000,     0.000,1.00000,     0,     0.094, 0.00000E+0, 9.99900E+3, 0.00000E+0, 0.00000E+0,1.00000,1,  100.0,     0.094,     0.000,   1,1.0000,    ,      ,    ,      ,    ,      ,1, 1.0000
   173,'P2',     0.119,     0.000,     0.000,     0.000,1.00000,     0,     0.228, 0.00000E+0, 9.99900E+3, 0.00000E+0, 0.00000E+0,1.00000,1,  100.0,     0.228,     0.000,   1,1.0000,    ,      ,    ,      ,    ,      ,1, 1.0000
   173,'P3',     0.133,    -0.027,    -0.027,    -0.027,1.00000,     0,     0.322, 0.00000E+0, 9.99900E+3, 0.00000E+0, 0.00000E+0,1.00000,1,  100.0,     0.315,     0.000,   1,1.0000,    ,      ,    ,      ,    ,      ,1, 1.0000
   174,'P1',     0.019,     0.000,     0.000,     0.000,1.00000,     0,     0.041, 0.00000E+0, 9.99900E+3, 0.00000E+0, 0.00000E+0,1.00000,1,  100.0,     0.041,     0.000,   1,1.0000,    ,      ,    ,      ,    ,      ,1, 1.0000
   174,'P3',     0.070,    -0.014,    -0.014,    -0.014,1.00000,     0,     0.170, 0.00000E+0, 9.99900E+3, 0.00000E+0, 0.00000E+0,1.00000,1,  100.0,     0.166,     0.000,   1,1.0000,    ,      ,    ,      ,    ,      ,1, 1.0000
   175,'P1',     0.030,     0.000,     0.000,     0.000,1.00000,     0,     0.064, 0.00000E+0, 9.99900E+3, 0.00000E+0, 0.00000E+0,1.00000,1,  100.0,     0.064,     0.000,   1,1.0000,    ,      ,    ,      ,    ,      ,1, 1.0000
   175,'P2',     0.012,     0.000,     0.000,     0.000,1.00000,     0,     0.024, 0.00000E+0, 9.99900E+3, 0.00000E+0, 0.00000E+0,1.00000,1,  100.0,     0.024,     0.000,   1,1.0000,    ,      ,    ,      ,    ,      ,1, 1.0000
   175,'P3',     0.184,    -0.037,    -0.037,    -0.037,1.00000,     0,     0.446, 0.00000E+0, 9.99900E+3, 0.00000E+0, 0.00000E+0,1.00000,1,  100.0,     0.437,     0.000,   1,1.0000,    ,      ,    ,      ,    ,      ,1, 1.0000
   192,'P1',     0.055,     0.000,     0.000,     0.000,1.00000,     0,     0.116, 0.00000E+0, 9.99900E+3, 0.00000E+0, 0.00000E+0,1.00000,1,  100.0,     0.116,     0.000,   1,1.0000,    ,      ,    ,      ,    ,      ,1, 1.0000
   192,'P2',     0.237,     0.000,     0.000,     0.000,1.00000,     0,     0.456, 0.00000E+0, 9.99900E+3, 0.00000E+0, 0.00000E+0,1.00000,1,  100.0,     0.456,     0.000,   1,1.0000,    ,      ,    ,      ,    ,      ,1, 1.0000
   192,'P3',     0.231,    -0.047,    -0.047,    -0.047,1.00000,     0,     0.558, 0.00000E+0, 9.99900E+3, 0.00000E+0, 0.00000E+0,1.00000,1,  100.0,     0.546,     0.000,   1,1.0000,    ,      ,    ,      ,    ,      ,1, 1.0000
   203,'P1',     0.053,     0.000,     0.000,     0.000,1.00000,     0,     0.113, 0.00000E+0, 9.99900E+3, 0.00000E+0, 0.00000E+0,1.00000,1,  100.0,     0.113,     0.000,   1,1.0000,    ,      ,    ,      ,    ,      ,1, 1.0000
   203,'P2',     2.689,     0.000,     0.000,     0.000,1.00000,     0,     5.165, 0.00000E+0, 9.99900E+3, 0.00000E+0, 0.00000E+0,1.00000,1,  100.0,     5.165,     0.000,   1,1.0000,    ,      ,    ,      ,    ,      ,1, 1.0000
   203,'P3',     0.951,    -0.193,    -0.193,    -0.193,1.00000,     0,     2.301, 0.00000E+0, 9.99900E+3, 0.00000E+0, 0.00000E+0,1.00000,1,  100.0,     2.255,     0.000,   1,1.0000,    ,      ,    ,      ,    ,      ,1, 1.0000
   204,'P1',     0.009,     0.000,     0.000,     0.000,1.00000,     0,     0.020, 0.00000E+0, 9.99900E+3, 0.00000E+0, 0.00000E+0,1.00000,1,  100.0,     0.020,     0.000,   1,1.0000,    ,      ,    ,      ,    ,      ,1, 1.0000
   204,'P3',     0.623,    -0.126,    -0.126,    -0.126,1.00000,     0,     1.506, 0.00000E+0, 9.99900E+3, 0.00000E+0, 0.00000E+0,1.00000,1,  100.0,     1.476,     0.000,   1,1.0000,    ,      ,    ,      ,    ,      ,1, 1.0000
   205,'P1',     0.103,     0.000,     0.000,     0.000,1.00000,     0,     0.219, 0.00000E+0, 9.99900E+3, 0.00000E+0, 0.00000E+0,1.00000,1,  100.0,     0.219,     0.000,   1,1.0000,    ,      ,    ,      ,    ,      ,1, 1.0000
   205,'P3',     1.033,    -0.210,    -0.210,    -0.210,1.00000,     0,     2.498, 0.00000E+0, 9.99900E+3, 0.00000E+0, 0.00000E+0,1.00000,1,  100.0,     2.448,     0.000,   1,1.0000,    ,      ,    ,      ,    ,      ,1, 1.0000
   209,'P1',     0.030,     0.000,     0.000,     0.000,1.00000,     0,     0.064, 0.00000E+0, 9.99900E+3, 0.00000E+0, 0.00000E+0,1.00000,1,  100.0,     0.064,     0.000,   1,1.0000,    ,      ,    ,      ,    ,      ,1, 1.0000
   209,'P3',     0.001,     0.000,     0.000,     0.000,1.00000,     0,     0.002, 0.00000E+0, 9.99900E+3, 0.00000E+0, 0.00000E+0,1.00000,1,  100.0,     0.002,     0.000,   1,1.0000,    ,      ,    ,      ,    ,      ,1, 1.0000
   216,'P1',     0.124,     0.000,     0.000,     0.000,1.00000,     0,     0.263, 0.00000E+0, 9.99900E+3, 0.00000E+0, 0.00000E+0,1.00000,1,  100.0,     0.263,     0.000,   1,1.0000,    ,      ,    ,      ,    ,      ,1, 1.0000
   216,'P3',     0.658,    -0.134,    -0.134,    -0.134,1.00000,     0,     1.593, 0.00000E+0, 9.99900E+3, 0.00000E+0, 0.00000E+0,1.00000,1,  100.0,     1.561,     0.000,   1,1.0000,    ,      ,    ,      ,    ,      ,1, 1.0000
   225,'P1',     0.040,     0.000,     0.000,     0.000,1.00000,     0,     0.085, 0.00000E+0, 9.99900E+3, 0.00000E+0, 0.00000E+0,1.00000,1,  100.0,     0.085,     0.000,   1,1.0000,    ,      ,    ,      ,    ,      ,1, 1.0000
   225,'P2',     0.259,     0.000,     0.000,     0.000,1.00000,     0,     0.497, 0.00000E+0, 9.99900E+3, 0.00000E+0, 0.00000E+0,1.00000,1,  100.0,     0.497,     0.000,   1,1.0000,    ,      ,    ,      ,    ,      ,1, 1.0000
   225,'P3',     0.800,    -0.162,    -0.162,    -0.162,1.00000,     0,     1.934, 0.00000E+0, 9.99900E+3, 0.00000E+0, 0.00000E+0,1.00000,1,  100.0,     1.895,     0.000,   1,1.0000,    ,      ,    ,      ,    ,      ,1, 1.0000
   234,'P1',     0.023,     0.000,     0.000,     0.000,1.00000,     0,     0.048, 0.00000E+0, 9.99900E+3, 0.00000E+0, 0.00000E+0,1.00000,1,  100.0,     0.048,     0.000,   1,1.0000,    ,      ,    ,      ,    ,      ,1, 1.0000
   234,'P2',     0.540,     0.000,     0.000,     0.000,1.00000,     0,     1.037, 0.00000E+0, 9.99900E+3, 0.00000E+0, 0.00000E+0,1.00000,1,  100.0,     1.037,     0.000,   1,1.0000,    ,      ,    ,      ,    ,      ,1, 1.0000
   234,'P3',     0.651,    -0.132,    -0.132,    -0.132,1.00000,     0,     1.574, 0.00000E+0, 9.99900E+3, 0.00000E+0, 0.00000E+0,1.00000,1,  100.0,     1.542,     0.000,   1,1.0000,    ,      ,    ,      ,    ,      ,1, 1.0000
   235,'P1',     0.112,     0.000,     0.000,     0.000,1.00000,     0,     0.237, 0.00000E+0, 9.99900E+3, 0.00000E+0, 0.00000E+0,1.00000,1,  100.0,     0.237,     0.000,   1,1.0000,    ,      ,    ,      ,    ,      ,1, 1.0000
   235,'P2',     7.052,     0.000,     0.000,     0.000,1.00000,     0,    13.549, 0.00000E+0, 9.99900E+3, 0.00000E+0, 0.00000E+0,1.00000,1,  100.0,    13.549,     0.000,   1,1.0000,    ,      ,    ,      ,    ,      ,1, 1.0000
   235,'P3',     2.571,    -0.522,    -0.522,    -0.522,1.00000,     0,     6.218, 0.00000E+0, 9.99900E+3, 0.00000E+0, 0.00000E+0,1.00000,1,  100.0,     6.094,     0.000,   1,1.0000,    ,      ,    ,      ,    ,      ,1, 1.0000
   241,'P1',     0.003,     0.000,     0.000,     0.000,1.00000,     0,     0.006, 0.00000E+0, 9.99900E+3, 0.00000E+0, 0.00000E+0,1.00000,1,  100.0,     0.006,     0.000,   1,1.0000,    ,      ,    ,      ,    ,      ,1, 1.0000
   241,'P3',     0.037,    -0.007,    -0.007,    -0.007,1.00000,     0,     0.089, 0.00000E+0, 9.99900E+3, 0.00000E+0, 0.00000E+0,1.00000,1,  100.0,     0.087,     0.000,   1,1.0000,    ,      ,    ,      ,    ,      ,1, 1.0000
   301,'1 ',     9.000,     4.708,    15.000,     0.000,0.99300,     0,    26.813, 0.00000E+0, 1.63000E-1, 0.00000E+0, 0.00000E+0,1.09770,1,  100.0,    21.450,     0.000,   1,1.0000
   302,'2 ',     9.000,    15.000,    15.000,     0.000,1.02500,    39,    26.813, 0.00000E+0, 1.63000E-1, 0.00000E+0, 0.00000E+0,1.09770,1,  100.0,    21.450,     0.000,   1,1.0000
   303,'3 ',     4.000,    12.000,    12.000,     0.000,1.02500,    39,    18.500, 0.00000E+0, 1.80000E-1, 0.00000E+0, 0.00000E+0,1.09770,1,  100.0,    15.000,     0.000,   1,1.0000
   304,'4 ',     5.900,     6.890,    15.000,     0.000,1.02500,    39,    26.813, 0.00000E+0, 1.63000E-1, 0.00000E+0, 0.00000E+0,1.00000,0,  100.0,    21.450,     0.000,   1,1.0000
   305,'5 ',     5.900,     0.000,    15.000,     0.000,1.02500,    39,    26.813, 0.00000E+0, 1.63000E-1, 0.00000E+0, 0.00000E+0,1.00000,0,  100.0,    21.450,     0.000,   1,1.0000
   306,'6 ',     3.000,     6.890,    12.000,     0.000,1.02500,    39,    18.500, 0.00000E+0, 1.80000E-1, 0.00000E+0, 0.00000E+0,1.00000,0,  100.0,    14.800,     0.000,   1,1.0000
   325,'P1',     0.013,     0.000,     0.000,     0.000,1.00000,     0,     0.027, 0.00000E+0, 9.99900E+3, 0.00000E+0, 0.00000E+0,1.00000,1,  100.0,     0.027,     0.000,   1,1.0000,    ,      ,    ,      ,    ,      ,1, 1.0000
   325,'P2',     0.065,     0.000,     0.000,     0.000,1.00000,     0,     0.125, 0.00000E+0, 9.99900E+3, 0.00000E+0, 0.00000E+0,1.00000,1,  100.0,     0.125,     0.000,   1,1.0000,    ,      ,    ,      ,    ,      ,1, 1.0000
   325,'P3',     0.127,    -0.026,    -0.026,    -0.026,1.00000,     0,     0.308, 0.00000E+0, 9.99900E+3, 0.00000E+0, 0.00000E+0,1.00000,1,  100.0,     0.302,     0.000,   1,1.0000,    ,      ,    ,      ,    ,      ,1, 1.0000
   335,'P1',     0.036,     0.000,     0.000,     0.000,1.00000,     0,     0.076, 0.00000E+0, 9.99900E+3, 0.00000E+0, 0.00000E+0,1.00000,1,  100.0,     0.076,     0.000,   1,1.0000,    ,      ,    ,      ,    ,      ,1, 1.0000
   335,'P2',     0.267,     0.000,     0.000,     0.000,1.00000,     0,     0.513, 0.00000E+0, 9.99900E+3, 0.00000E+0, 0.00000E+0,1.00000,1,  100.0,     0.513,     0.000,   1,1.0000,    ,      ,    ,      ,    ,      ,1, 1.0000
   335,'P3',     0.362,    -0.073,    -0.073,    -0.073,1.00000,     0,     0.875, 0.00000E+0, 9.99900E+3, 0.00000E+0, 0.00000E+0,1.00000,1,  100.0,     0.857,     0.000,   1,1.0000,    ,      ,    ,      ,    ,      ,1, 1.0000
   336,'P1',     0.219,     0.000,     0.000,     0.000,1.00000,     0,     0.465, 0.00000E+0, 9.99900E+3, 0.00000E+0, 0.00000E+0,1.00000,1,  100.0,     0.465,     0.000,   1,1.0000,    ,      ,    ,      ,    ,      ,1, 1.0000
   336,'P2',     4.387,     0.000,     0.000,     0.000,1.00000,     0,     8.429, 0.00000E+0, 9.99900E+3, 0.00000E+0, 0.00000E+0,1.00000,1,  100.0,     8.429,     0.000,   1,1.0000,    ,      ,    ,      ,    ,      ,1, 1.0000
   336,'P3',     1.707,    -0.347,    -0.347,    -0.347,1.00000,     0,     4.129, 0.00000E+0, 9.99900E+3, 0.00000E+0, 0.00000E+0,1.00000,1,  100.0,     4.047,     0.000,   1,1.0000,    ,      ,    ,      ,    ,      ,1, 1.0000
   403,'P1',     0.018,     0.000,     0.000,     0.000,1.00000,     0,     0.037, 0.00000E+0, 9.99900E+3, 0.00000E+0, 0.00000E+0,1.00000,1,  100.0,     0.037,     0.000,   1,1.0000,    ,      ,    ,      ,    ,      ,1, 1.0000
   403,'P2',     0.154,     0.000,     0.000,     0.000,1.00000,     0,     0.295, 0.00000E+0, 9.99900E+3, 0.00000E+0, 0.00000E+0,1.00000,1,  100.0,     0.295,     0.000,   1,1.0000,    ,      ,    ,      ,    ,      ,1, 1.0000
   403,'P3',     0.194,    -0.039,    -0.039,    -0.039,1.00000,     0,     0.469, 0.00000E+0, 9.99900E+3, 0.00000E+0, 0.00000E+0,1.00000,1,  100.0,     0.460,     0.000,   1,1.0000,    ,      ,    ,      ,    ,      ,1, 1.0000
   404,'P1',     0.022,     0.000,     0.000,     0.000,1.00000,     0,     0.046, 0.00000E+0, 9.99900E+3, 0.00000E+0, 0.00000E+0,1.00000,1,  100.0,     0.046,     0.000,   1,1.0000,    ,      ,    ,      ,    ,      ,1, 1.0000
   404,'P2',     0.150,     0.000,     0.000,     0.000,1.00000,     0,     0.287, 0.00000E+0, 9.99900E+3, 0.00000E+0, 0.00000E+0,1.00000,1,  100.0,     0.287,     0.000,   1,1.0000,    ,      ,    ,      ,    ,      ,1, 1.0000
   404,'P3',     0.136,    -0.028,    -0.028,    -0.028,1.00000,     0,     0.328, 0.00000E+0, 9.99900E+3, 0.00000E+0, 0.00000E+0,1.00000,1,  100.0,     0.322,     0.000,   1,1.0000,    ,      ,    ,      ,    ,      ,1, 1.0000
   405,'P1',     0.030,     0.000,     0.000,     0.000,1.00000,     0,     0.064, 0.00000E+0, 9.99900E+3, 0.00000E+0, 0.00000E+0,1.00000,1,  100.0,     0.064,     0.000,   1,1.0000,    ,      ,    ,      ,    ,      ,1, 1.0000
   405,'P2',     0.049,     0.000,     0.000,     0.000,1.00000,     0,     0.095, 0.00000E+0, 9.99900E+3, 0.00000E+0, 0.00000E+0,1.00000,1,  100.0,     0.095,     0.000,   1,1.0000,    ,      ,    ,      ,    ,      ,1, 1.0000
   405,'P3',     0.483,    -0.098,    -0.098,    -0.098,1.00000,     0,     1.169, 0.00000E+0, 9.99900E+3, 0.00000E+0, 0.00000E+0,1.00000,1,  100.0,     1.146,     0.000,   1,1.0000,    ,      ,    ,      ,    ,      ,1, 1.0000
   415,'P1',     0.089,     0.000,     0.000,     0.000,1.00000,     0,     0.189, 0.00000E+0, 9.99900E+3, 0.00000E+0, 0.00000E+0,1.00000,1,  100.0,     0.189,     0.000,   1,1.0000,    ,      ,    ,      ,    ,      ,1, 1.0000
   415,'P2',     1.092,     0.000,     0.000,     0.000,1.00000,     0,     2.098, 0.00000E+0, 9.99900E+3, 0.00000E+0, 0.00000E+0,1.00000,1,  100.0,     2.098,     0.000,   1,1.0000,    ,      ,    ,      ,    ,      ,1, 1.0000
   415,'P3',     0.626,    -0.127,    -0.127,    -0.127,1.00000,     0,     1.514, 0.00000E+0, 9.99900E+3, 0.00000E+0, 0.00000E+0,1.00000,1,  100.0,     1.484,     0.000,   1,1.0000,    ,      ,    ,      ,    ,      ,1, 1.0000
   418,'P1',     0.039,     0.000,     0.000,     0.000,1.00000,     0,     0.083, 0.00000E+0, 9.99900E+3, 0.00000E+0, 0.00000E+0,1.00000,1,  100.0,     0.083,     0.000,   1,1.0000,    ,      ,    ,      ,    ,      ,1, 1.0000
   418,'P3',     0.292,    -0.059,    -0.059,    -0.059,1.00000,     0,     0.706, 0.00000E+0, 9.99900E+3, 0.00000E+0, 0.00000E+0,1.00000,1,  100.0,     0.692,     0.000,   1,1.0000,    ,      ,    ,      ,    ,      ,1, 1.0000
   425,'P1',     0.060,     0.000,     0.000,     0.000,1.00000,     0,     0.128, 0.00000E+0, 9.99900E+3, 0.00000E+0, 0.00000E+0,1.00000,1,  100.0,     0.128,     0.000,   1,1.0000,    ,      ,    ,      ,    ,      ,1, 1.0000
   425,'P2',     0.325,     0.000,     0.000,     0.000,1.00000,     0,     0.625, 0.00000E+0, 9.99900E+3, 0.00000E+0, 0.00000E+0,1.00000,1,  100.0,     0.625,     0.000,   1,1.0000,    ,      ,    ,      ,    ,      ,1, 1.0000
   425,'P3',     0.438,    -0.089,    -0.089,    -0.089,1.00000,     0,     1.060, 0.00000E+0, 9.99900E+3, 0.00000E+0, 0.00000E+0,1.00000,1,  100.0,     1.039,     0.000,   1,1.0000,    ,      ,    ,      ,    ,      ,1, 1.0000
   431,'P1',     0.070,     0.000,     0.000,     0.000,1.00000,     0,     0.149, 0.00000E+0, 9.99900E+3, 0.00000E+0, 0.00000E+0,1.00000,1,  100.0,     0.149,     0.000,  31,1.0000,    ,      ,    ,      ,    ,      ,1, 1.0000
   431,'P2',     0.514,     0.000,     0.000,     0.000,1.00000,     0,     0.987, 0.00000E+0, 9.99900E+3, 0.00000E+0, 0.00000E+0,1.00000,1,  100.0,     0.987,     0.000,  31,1.0000,    ,      ,    ,      ,    ,      ,1, 1.0000
   431,'P3',     0.018,    -0.004,    -0.004,    -0.004,1.00000,     0,     0.044, 0.00000E+0, 9.99900E+3, 0.00000E+0, 0.00000E+0,1.00000,1,  100.0,     0.043,     0.000,  31,1.0000,    ,      ,    ,      ,    ,      ,1, 1.0000
   435,'P1',     0.122,     0.000,     0.000,     0.000,1.00000,     0,     0.259, 0.00000E+0, 9.99900E+3, 0.00000E+0, 0.00000E+0,1.00000,1,  100.0,     0.259,     0.000,   1,1.0000,    ,      ,    ,      ,    ,      ,1, 1.0000
   435,'P2',     1.054,     0.000,     0.000,     0.000,1.00000,     0,     2.026, 0.00000E+0, 9.99900E+3, 0.00000E+0, 0.00000E+0,1.00000,1,  100.0,     2.026,     0.000,   1,1.0000,    ,      ,    ,      ,    ,      ,1, 1.0000
   435,'P3',     1.514,    -0.307,    -0.307,    -0.307,1.00000,     0,     3.662, 0.00000E+0, 9.99900E+3, 0.00000E+0, 0.00000E+0,1.00000,1,  100.0,     3.588,     0.000,   1,1.0000,    ,      ,    ,      ,    ,      ,1, 1.0000
   436,'P1',     0.011,     0.000,     0.000,     0.000,1.00000,     0,     0.024, 0.00000E+0, 9.99900E+3, 0.00000E+0, 0.00000E+0,1.00000,1,  100.0,     0.024,     0.000,   1,1.0000,    ,      ,    ,      ,    ,      ,1, 1.0000
   436,'P2',     0.087,     0.000,     0.000,     0.000,1.00000,     0,     0.167, 0.00000E+0, 9.99900E+3, 0.00000E+0, 0.00000E+0,1.00000,1,  100.0,     0.167,     0.000,   1,1.0000,    ,      ,    ,      ,    ,      ,1, 1.0000
   436,'P3',     0.048,    -0.010,    -0.010,    -0.010,1.00000,     0,     0.116, 0.00000E+0, 9.99900E+3, 0.00000E+0, 0.00000E+0,1.00000,1,  100.0,     0.114,     0.000,   1,1.0000,    ,      ,    ,      ,    ,      ,1, 1.0000
   440,'P1',     0.006,     0.000,     0.000,     0.000,1.00000,     0,     0.013, 0.00000E+0, 9.99900E+3, 0.00000E+0, 0.00000E+0,1.00000,1,  100.0,     0.013,     0.000,   1,1.0000,    ,      ,    ,      ,    ,      ,1, 1.0000
   440,'P2',     0.302,     0.000,     0.000,     0.000,1.00000,     0,     0.579, 0.00000E+0, 9.99900E+3, 0.00000E+0, 0.00000E+0,1.00000,1,  100.0,     0.579,     0.000,   1,1.0000,    ,      ,    ,      ,    ,      ,1, 1.0000
   440,'P3',     0.332,    -0.067,    -0.067,    -0.067,1.00000,     0,     0.804, 0.00000E+0, 9.99900E+3, 0.00000E+0, 0.00000E+0,1.00000,1,  100.0,     0.788,     0.000,   1,1.0000,    ,      ,    ,      ,    ,      ,1, 1.0000
   443,'P1',     0.031,     0.000,     0.000,     0.000,1.00000,     0,     0.065, 0.00000E+0, 9.99900E+3, 0.00000E+0, 0.00000E+0,1.00000,1,  100.0,     0.065,     0.000,   1,1.0000,    ,      ,    ,      ,    ,      ,1, 1.0000
   443,'P2',     0.191,     0.000,     0.000,     0.000,1.00000,     0,     0.368, 0.00000E+0, 9.99900E+3, 0.00000E+0, 0.00000E+0,1.00000,1,  100.0,     0.368,     0.000,   1,1.0000,    ,      ,    ,      ,    ,      ,1, 1.0000
   443,'P3',     0.451,    -0.092,    -0.092,    -0.092,1.00000,     0,     1.090, 0.00000E+0, 9.99900E+3, 0.00000E+0, 0.00000E+0,1.00000,1,  100.0,     1.068,     0.000,   1,1.0000,    ,      ,    ,      ,    ,      ,1, 1.0000
   493,'P1',     0.071,     0.000,     0.000,     0.000,1.00000,     0,     0.151, 0.00000E+0, 9.99900E+3, 0.00000E+0, 0.00000E+0,1.00000,1,  100.0,     0.151,     0.000,   1,1.0000,    ,      ,    ,      ,    ,      ,1, 1.0000
   493,'P2',     0.216,     0.000,     0.000,     0.000,1.00000,     0,     0.415, 0.00000E+0, 9.99900E+3, 0.00000E+0, 0.00000E+0,1.00000,1,  100.0,     0.415,     0.000,   1,1.0000,    ,      ,    ,      ,    ,      ,1, 1.0000
   493,'P3',     0.317,    -0.064,    -0.064,    -0.064,1.00000,     0,     0.766, 0.00000E+0, 9.99900E+3, 0.00000E+0, 0.00000E+0,1.00000,1,  100.0,     0.751,     0.000,   1,1.0000,    ,      ,    ,      ,    ,      ,1, 1.0000
   534,'P1',     0.041,     0.000,     0.000,     0.000,1.00000,     0,     0.086, 0.00000E+0, 9.99900E+3, 0.00000E+0, 0.00000E+0,1.00000,1,  100.0,     0.086,     0.000,   1,1.0000,    ,      ,    ,      ,    ,      ,1, 1.0000
   534,'P2',     0.028,     0.000,     0.000,     0.000,1.00000,     0,     0.053, 0.00000E+0, 9.99900E+3, 0.00000E+0, 0.00000E+0,1.00000,1,  100.0,     0.053,     0.000,   1,1.0000,    ,      ,    ,      ,    ,      ,1, 1.0000
   534,'P3',     0.167,    -0.034,    -0.034,    -0.034,1.00000,     0,     0.403, 0.00000E+0, 9.99900E+3, 0.00000E+0, 0.00000E+0,1.00000,1,  100.0,     0.395,     0.000,   1,1.0000,    ,      ,    ,      ,    ,      ,1, 1.0000
   723,'P1',     0.030,     0.000,     0.000,     0.000,1.00000,     0,     0.064, 0.00000E+0, 9.99900E+3, 0.00000E+0, 0.00000E+0,1.00000,1,  100.0,     0.064,     0.000,   1,1.0000,    ,      ,    ,      ,    ,      ,1, 1.0000
   723,'P2',     0.053,     0.000,     0.000,     0.000,1.00000,     0,     0.101, 0.00000E+0, 9.99900E+3, 0.00000E+0, 0.00000E+0,1.00000,1,  100.0,     0.101,     0.000,   1,1.0000,    ,      ,    ,      ,    ,      ,1, 1.0000
   723,'P3',     0.637,    -0.129,    -0.129,    -0.129,1.00000,     0,     1.540, 0.00000E+0, 9.99900E+3, 0.00000E+0, 0.00000E+0,1.00000,1,  100.0,     1.509,     0.000,   1,1.0000,    ,      ,    ,      ,    ,      ,1, 1.0000
   729,'P1',     0.022,     0.000,     0.000,     0.000,1.00000,     0,     0.047, 0.00000E+0, 9.99900E+3, 0.00000E+0, 0.00000E+0,1.00000,1,  100.0,     0.047,     0.000,   1,1.0000,    ,      ,    ,      ,    ,      ,1, 1.0000
   729,'P2',     0.262,     0.000,     0.000,     0.000,1.00000,     0,     0.503, 0.00000E+0, 9.99900E+3, 0.00000E+0, 0.00000E+0,1.00000,1,  100.0,     0.503,     0.000,   1,1.0000,    ,      ,    ,      ,    ,      ,1, 1.0000
   729,'P3',     0.441,    -0.090,    -0.090,    -0.090,1.00000,     0,     1.067, 0.00000E+0, 9.99900E+3, 0.00000E+0, 0.00000E+0,1.00000,1,  100.0,     1.046,     0.000,   1,1.0000,    ,      ,    ,      ,    ,      ,1, 1.0000
   750,'P1',     0.053,     0.000,     0.000,     0.000,1.00000,     0,     0.112, 0.00000E+0, 9.99900E+3, 0.00000E+0, 0.00000E+0,1.00000,1,  100.0,     0.112,     0.000,   1,1.0000,    ,      ,    ,      ,    ,      ,1, 1.0000
   750,'P2',     0.587,     0.000,     0.000,     0.000,1.00000,     0,     1.128, 0.00000E+0, 9.99900E+3, 0.00000E+0, 0.00000E+0,1.00000,1,  100.0,     1.128,     0.000,   1,1.0000,    ,      ,    ,      ,    ,      ,1, 1.0000
   750,'P3',     0.791,    -0.161,    -0.161,    -0.161,1.00000,     0,     1.914, 0.00000E+0, 9.99900E+3, 0.00000E+0, 0.00000E+0,1.00000,1,  100.0,     1.876,     0.000,   1,1.0000,    ,      ,    ,      ,    ,      ,1, 1.0000
   803,'P1',     0.033,     0.000,     0.000,     0.000,1.00000,     0,     0.070, 0.00000E+0, 9.99900E+3, 0.00000E+0, 0.00000E+0,1.00000,1,  100.0,     0.070,     0.000,   1,1.0000,    ,      ,    ,      ,    ,      ,1, 1.0000
   803,'P2',     0.692,     0.000,     0.000,     0.000,1.00000,     0,     1.329, 0.00000E+0, 9.99900E+3, 0.00000E+0, 0.00000E+0,1.00000,1,  100.0,     1.329,     0.000,   1,1.0000,    ,      ,    ,      ,    ,      ,1, 1.0000
   803,'P3',     0.839,    -0.170,    -0.170,    -0.170,1.00000,     0,     2.029, 0.00000E+0, 9.99900E+3, 0.00000E+0, 0.00000E+0,1.00000,1,  100.0,     1.988,     0.000,   1,1.0000,    ,      ,    ,      ,    ,      ,1, 1.0000
   804,'4 ',     0.000,     0.000,     5.100,     0.000,0.94750,     0,    24.500, 0.00000E+0, 1.15000E-1, 0.00000E+0, 0.00000E+0,1.00000,0,  100.0,    19.600,     0.000,   1,1.0000
   817,'P1',     0.088,     0.000,     0.000,     0.000,1.00000,     0,     0.186, 0.00000E+0, 9.99900E+3, 0.00000E+0, 0.00000E+0,1.00000,1,  100.0,     0.186,     0.000,   1,1.0000,    ,      ,    ,      ,    ,      ,1, 1.0000
   817,'P3',     0.644,    -0.131,    -0.131,    -0.131,1.00000,     0,     1.557, 0.00000E+0, 9.99900E+3, 0.00000E+0, 0.00000E+0,1.00000,1,  100.0,     1.526,     0.000,   1,1.0000,    ,      ,    ,      ,    ,      ,1, 1.0000
   834,'P1',     0.016,     0.000,     0.000,     0.000,1.00000,     0,     0.034, 0.00000E+0, 9.99900E+3, 0.00000E+0, 0.00000E+0,1.00000,1,  100.0,     0.034,     0.000,   1,1.0000,    ,      ,    ,      ,    ,      ,1, 1.0000
   834,'P2',     0.249,     0.000,     0.000,     0.000,1.00000,     0,     0.478, 0.00000E+0, 9.99900E+3, 0.00000E+0, 0.00000E+0,1.00000,1,  100.0,     0.478,     0.000,   1,1.0000,    ,      ,    ,      ,    ,      ,1, 1.0000
   834,'P3',     0.448,    -0.091,    -0.091,    -0.091,1.00000,     0,     1.083, 0.00000E+0, 9.99900E+3, 0.00000E+0, 0.00000E+0,1.00000,1,  100.0,     1.062,     0.000,   1,1.0000,    ,      ,    ,      ,    ,      ,1, 1.0000
   844,'P1',     0.019,     0.000,     0.000,     0.000,1.00000,     0,     0.041, 0.00000E+0, 9.99900E+3, 0.00000E+0, 0.00000E+0,1.00000,1,  100.0,     0.041,     0.000,   1,1.0000,    ,      ,    ,      ,    ,      ,1, 1.0000
   844,'P2',     0.126,     0.000,     0.000,     0.000,1.00000,     0,     0.242, 0.00000E+0, 9.99900E+3, 0.00000E+0, 0.00000E+0,1.00000,1,  100.0,     0.242,     0.000,   1,1.0000,    ,      ,    ,      ,    ,      ,1, 1.0000
   844,'P3',     0.232,    -0.047,    -0.047,    -0.047,1.00000,     0,     0.561, 0.00000E+0, 9.99900E+3, 0.00000E+0, 0.00000E+0,1.00000,1,  100.0,     0.550,     0.000,   1,1.0000,    ,      ,    ,      ,    ,      ,1, 1.0000
   845,'P1',     0.006,     0.000,     0.000,     0.000,1.00000,     0,     0.013, 0.00000E+0, 9.99900E+3, 0.00000E+0, 0.00000E+0,1.00000,1,  100.0,     0.013,     0.000,   1,1.0000,    ,      ,    ,      ,    ,      ,1, 1.0000
   845,'P2',     0.117,     0.000,     0.000,     0.000,1.00000,     0,     0.224, 0.00000E+0, 9.99900E+3, 0.00000E+0, 0.00000E+0,1.00000,1,  100.0,     0.224,     0.000,   1,1.0000,    ,      ,    ,      ,    ,      ,1, 1.0000
   845,'P3',     0.183,    -0.037,    -0.037,    -0.037,1.00000,     0,     0.443, 0.00000E+0, 9.99900E+3, 0.00000E+0, 0.00000E+0,1.00000,1,  100.0,     0.434,     0.000,   1,1.0000,    ,      ,    ,      ,    ,      ,1, 1.0000
   846,'P1',     0.002,     0.000,     0.000,     0.000,1.00000,     0,     0.005, 0.00000E+0, 9.99900E+3, 0.00000E+0, 0.00000E+0,1.00000,1,  100.0,     0.005,     0.000,   1,1.0000,    ,      ,    ,      ,    ,      ,1, 1.0000
   846,'P2',     0.068,     0.000,     0.000,     0.000,1.00000,     0,     0.131, 0.00000E+0, 9.99900E+3, 0.00000E+0, 0.00000E+0,1.00000,1,  100.0,     0.131,     0.000,   1,1.0000,    ,      ,    ,      ,    ,      ,1, 1.0000
   846,'P3',     0.087,    -0.018,    -0.018,    -0.018,1.00000,     0,     0.209, 0.00000E+0, 9.99900E+3, 0.00000E+0, 0.00000E+0,1.00000,1,  100.0,     0.205,     0.000,   1,1.0000,    ,      ,    ,      ,    ,      ,1, 1.0000
   917,'P1',     0.151,     0.000,     0.000,     0.000,1.00000,     0,     0.321, 0.00000E+0, 9.99900E+3, 0.00000E+0, 0.00000E+0,1.00000,1,  100.0,     0.321,     0.000,   1,1.0000,    ,      ,    ,      ,    ,      ,1, 1.0000
   917,'P2',     0.794,     0.000,     0.000,     0.000,1.00000,     0,     1.526, 0.00000E+0, 9.99900E+3, 0.00000E+0, 0.00000E+0,1.00000,1,  100.0,     1.526,     0.000,   1,1.0000,    ,      ,    ,      ,    ,      ,1, 1.0000
   917,'P3',     0.901,    -0.183,    -0.183,    -0.183,1.00000,     0,     2.179, 0.00000E+0, 9.99900E+3, 0.00000E+0, 0.00000E+0,1.00000,1,  100.0,     2.136,     0.000,   1,1.0000,    ,      ,    ,      ,    ,      ,1, 1.0000
  1230,'P1',     0.033,     0.000,     0.000,     0.000,1.00000,     0,     0.070, 0.00000E+0, 9.99900E+3, 0.00000E+0, 0.00000E+0,1.00000,1,  100.0,     0.070,     0.000,   1,1.0000,    ,      ,    ,      ,    ,      ,1, 1.0000
  1230,'P2',     0.301,     0.000,     0.000,     0.000,1.00000,     0,     0.579, 0.00000E+0, 9.99900E+3, 0.00000E+0, 0.00000E+0,1.00000,1,  100.0,     0.579,     0.000,   1,1.0000,    ,      ,    ,      ,    ,      ,1, 1.0000
  1230,'P3',     0.292,    -0.059,    -0.059,    -0.059,1.00000,     0,     0.706, 0.00000E+0, 9.99900E+3, 0.00000E+0, 0.00000E+0,1.00000,1,  100.0,     0.692,     0.000,   1,1.0000,    ,      ,    ,      ,    ,      ,1, 1.0000
  2030,'P1',     0.053,     0.000,     0.000,     0.000,1.00000,     0,     0.113, 0.00000E+0, 9.99900E+3, 0.00000E+0, 0.00000E+0,1.00000,1,  100.0,     0.113,     0.000,   1,1.0000,    ,      ,    ,      ,    ,      ,1, 1.0000
  2030,'P2',     2.689,     0.000,     0.000,     0.000,1.00000,     0,     5.165, 0.00000E+0, 9.99900E+3, 0.00000E+0, 0.00000E+0,1.00000,1,  100.0,     5.165,     0.000,   1,1.0000,    ,      ,    ,      ,    ,      ,1, 1.0000
  2030,'P3',     0.951,    -0.193,    -0.193,    -0.193,1.00000,     0,     2.301, 0.00000E+0, 9.99900E+3, 0.00000E+0, 0.00000E+0,1.00000,1,  100.0,     2.255,     0.000,   1,1.0000,    ,      ,    ,      ,    ,      ,1, 1.0000
  4250,'P1',     0.060,     0.000,     0.000,     0.000,1.00000,     0,     0.128, 0.00000E+0, 9.99900E+3, 0.00000E+0, 0.00000E+0,1.00000,1,  100.0,     0.128,     0.000,   1,1.0000,    ,      ,    ,      ,    ,      ,1, 1.0000
  4250,'P2',     0.325,     0.000,     0.000,     0.000,1.00000,     0,     0.625, 0.00000E+0, 9.99900E+3, 0.00000E+0, 0.00000E+0,1.00000,1,  100.0,     0.625,     0.000,   1,1.0000,    ,      ,    ,      ,    ,      ,1, 1.0000
  4250,'P3',     0.438,    -0.089,    -0.089,    -0.089,1.00000,     0,     1.060, 0.00000E+0, 9.99900E+3, 0.00000E+0, 0.00000E+0,1.00000,1,  100.0,     1.039,     0.000,   1,1.0000,    ,      ,    ,      ,    ,      ,1, 1.0000
  4430,'P1',     0.049,     0.000,     0.000,     0.000,1.00000,     0,     0.103, 0.00000E+0, 9.99900E+3, 0.00000E+0, 0.00000E+0,1.00000,1,  100.0,     0.103,     0.000,   1,1.0000,    ,      ,    ,      ,    ,      ,1, 1.0000
  4430,'P2',     0.304,     0.000,     0.000,     0.000,1.00000,     0,     0.585, 0.00000E+0, 9.99900E+3, 0.00000E+0, 0.00000E+0,1.00000,1,  100.0,     0.585,     0.000,   1,1.0000,    ,      ,    ,      ,    ,      ,1, 1.0000
  4430,'P3',     0.717,    -0.146,    -0.146,    -0.146,1.00000,     0,     1.734, 0.00000E+0, 9.99900E+3, 0.00000E+0, 0.00000E+0,1.00000,1,  100.0,     1.699,     0.000,   1,1.0000,    ,      ,    ,      ,    ,      ,1, 1.0000
  5340,'P1',     0.186,     0.000,     0.000,     0.000,1.00000,     0,     0.394, 0.00000E+0, 9.99900E+3, 0.00000E+0, 0.00000E+0,1.00000,1,  100.0,     0.394,     0.000,   1,1.0000,    ,      ,    ,      ,    ,      ,1, 1.0000
  5340,'P2',     0.127,     0.000,     0.000,     0.000,1.00000,     0,     0.244, 0.00000E+0, 9.99900E+3, 0.00000E+0, 0.00000E+0,1.00000,1,  100.0,     0.244,     0.000,   1,1.0000,    ,      ,    ,      ,    ,      ,1, 1.0000
  5340,'P3',     0.764,    -0.155,    -0.155,    -0.155,1.00000,     0,     1.849, 0.00000E+0, 9.99900E+3, 0.00000E+0, 0.00000E+0,1.00000,1,  100.0,     1.812,     0.000,   1,1.0000,    ,      ,    ,      ,    ,      ,1, 1.0000
  7290,'P1',     0.022,     0.000,     0.000,     0.000,1.00000,     0,     0.047, 0.00000E+0, 9.99900E+3, 0.00000E+0, 0.00000E+0,1.00000,1,  100.0,     0.047,     0.000,   1,1.0000,    ,      ,    ,      ,    ,      ,1, 1.0000
  7290,'P2',     0.262,     0.000,     0.000,     0.000,1.00000,     0,     0.503, 0.00000E+0, 9.99900E+3, 0.00000E+0, 0.00000E+0,1.00000,1,  100.0,     0.503,     0.000,   1,1.0000,    ,      ,    ,      ,    ,      ,1, 1.0000
  7290,'P3',     0.441,    -0.090,    -0.090,    -0.090,1.00000,     0,     1.067, 0.00000E+0, 9.99900E+3, 0.00000E+0, 0.00000E+0,1.00000,1,  100.0,     1.046,     0.000,   1,1.0000,    ,      ,    ,      ,    ,      ,1, 1.0000
  8340,'P1',     0.009,     0.000,     0.000,     0.000,1.00000,     0,     0.020, 0.00000E+0, 9.99900E+3, 0.00000E+0, 0.00000E+0,1.00000,1,  100.0,     0.020,     0.000,   1,1.0000,    ,      ,    ,      ,    ,      ,1, 1.0000
  8340,'P2',     0.148,     0.000,     0.000,     0.000,1.00000,     0,     0.284, 0.00000E+0, 9.99900E+3, 0.00000E+0, 0.00000E+0,1.00000,1,  100.0,     0.284,     0.000,   1,1.0000,    ,      ,    ,      ,    ,      ,1, 1.0000
  8340,'P3',     0.656,    -0.133,    -0.133,    -0.133,1.00000,     0,     1.586, 0.00000E+0, 9.99900E+3, 0.00000E+0, 0.00000E+0,1.00000,1,  100.0,     1.554,     0.000,   1,1.0000,    ,      ,    ,      ,    ,      ,1, 1.0000
 90971,'1 ',    28.000,     0.000,     0.000,     0.000,0.99700,     0,    33.340, 0.00000E+0, 8.00000E-1, 0.00000E+0, 0.00000E+0,1.00000,1,  100.0,    30.000,     0.000,   1,1.0000
 92031,'1 ',     8.800,     0.000,     0.000,     0.000,1.00000,  1203,    12.000, 0.00000E+0, 6.00000E-1, 0.00000E+0, 0.00000E+0,1.00000,1,  100.0,    12.000,     0.000,   1,1.0000
 92032,'1 ',     8.800,     0.000,     0.000,     0.000,1.00000,  1203,    12.000, 0.00000E+0, 6.00000E-1, 0.00000E+0, 0.00000E+0,1.00000,1,  100.0,    12.000,     0.000,   1,1.0000
 92061,'1 ',    18.000,     0.000,     0.000,     0.000,1.02260,   206,    23.380, 0.00000E+0, 8.00000E-1, 0.00000E+0, 0.00000E+0,1.00000,1,  100.0,    21.000,     0.980,   1,1.0000
 95000,'1 ',     2.700,     0.000,     0.000,     0.000,1.00000,     0,     2.870, 0.00000E+0, 1.00000E+0, 0.00000E+0, 0.00000E+0,1.00000,1,  100.0,     2.870,     0.000,   1,1.0000,    ,      ,    ,      ,    ,      ,1, 1.0000
 96000,'1 ',     2.700,     0.000,     0.000,     0.000,1.00000,     0,     2.870, 0.00000E+0, 1.00000E+0, 0.00000E+0, 0.00000E+0,1.00000,1,  100.0,     2.870,     0.000,   1,1.0000,    ,      ,    ,      ,    ,      ,1, 1.0000
 