psg_t-psg
array([ 6.75741967e-03,  6.75741967e-03,  1.93694680e-02,  0.00000000e+00,
        0.00000000e+00,  0.00000000e+00,  0.00000000e+00,  0.00000000e+00,
        0.00000000e+00,  0.00000000e+00,  0.00000000e+00,  0.00000000e+00,
        0.00000000e+00,  0.00000000e+00,  0.00000000e+00,  0.00000000e+00,
        0.00000000e+00,  0.00000000e+00,  0.00000000e+00,  0.00000000e+00,
        1.44400601e-02, -1.56230242e-02, -1.56230242e-02, -8.92825808e-03,
       -8.92825808e-03, -1.56243283e-02, -1.12000000e-02,  6.75741967e-03,
        6.75741967e-03, -1.56096232e-02, -1.56096232e-02, -1.17868770e-02,
       -1.17868770e-02, -3.58000000e-02, -3.38000000e-02, -1.53419595e-02,
       -1.53419595e-02,  2.20000000e-03,  9.00000000e-04, -1.56243283e-02,
       -1.56243283e-02, -2.44468505e-03, -2.44469370e-03,  1.09000000e-02,
        1.64675471e-02,  9.60000000e-03, -1.20000000e-03, -1.84000000e-02,
        1.64727970e-02,  1.64727970e-02,  3.25055876e-03,  3.25055876e-03,
        3.25055876e-03,  3.25055876e-03,  1.00000000e-04,  2.16544594e-02,
       -8.92825808e-03, -8.92825808e-03, -1.56096232e-02, -1.56096232e-02,
       -1.17868770e-02, -1.17868770e-02,  5.00000000e-03,  0.00000000e+00,
        0.00000000e+00,  0.00000000e+00, -6.50000000e-03, -8.92825808e-03,
       -1.17868770e-02, -1.17868770e-02, -8.82354316e-02, -8.82354316e-02,
       -1.54000000e-02, -1.94000000e-02, -1.50000000e-02, -1.36000000e-02,
       -4.90000000e-03, -4.83000000e-02, -1.09200000e-01, -6.26000000e-02,
       -2.92000000e-02, -8.92825808e-03, -8.92825808e-03,  1.85027518e-02,
        2.50000000e-03, -1.17868770e-02, -1.17868770e-02, -8.70000000e-03,
       -4.80000000e-03, -3.02000000e-02, -3.32000000e-02, -1.91000000e-02,
       -4.51000000e-02,  1.64683010e-02,  1.64683010e-02, -2.80000000e-03,
       -1.56096232e-02, -5.30000000e-03, -1.56465196e-02, -1.56647006e-02,
       -1.56647006e-02, -1.56611545e-02, -1.56611545e-02, -5.92364015e-02,
       -5.92364015e-02,  0.00000000e+00,  5.68889622e-03, -1.56096232e-02,
       -1.56096232e-02, -1.26000000e-02, -2.32000000e-02, -1.17000000e-02,
       -1.83000000e-02, -6.80000000e-03, -8.70000000e-03,  5.68889622e-03,
        5.68889622e-03, -1.56230242e-02, -1.56230242e-02,  3.25055876e-03,
        3.25055876e-03, -8.92825808e-03, -8.92825808e-03, -3.04000000e-02,
       -7.17000000e-02, -1.27000000e-02, -1.56096232e-02, -1.56647006e-02,
       -1.56647006e-02, -1.48000000e-02, -1.56096232e-02,  0.00000000e+00,
        0.00000000e+00,  0.00000000e+00,  0.00000000e+00,  0.00000000e+00,
        0.00000000e+00,  0.00000000e+00,  0.00000000e+00,  0.00000000e+00,
        0.00000000e+00,  0.00000000e+00,  0.00000000e+00,  0.00000000e+00,
        0.00000000e+00,  0.00000000e+00,  0.00000000e+00,  0.00000000e+00,
        0.00000000e+00])

qsg_t-qsg
array([ 0.  ,  0.  ,  0.  ,  0.  ,  0.  ,  0.  ,  0.  ,  0.  ,  0.  ,
        0.  ,  0.  ,  0.  ,  0.  ,  0.  ,  0.  ,  0.  ,  0.  ,  0.  ,
        0.  ,  0.  ,  0.  ,  0.  ,  0.  ,  0.  ,  0.  ,  0.  ,  0.  ,
        0.  ,  0.  ,  0.  ,  0.  ,  0.  ,  0.  ,  0.  ,  0.  ,  0.  ,
        0.  ,  0.  ,  0.  ,  0.  ,  0.  ,  0.  ,  0.  ,  0.  ,  0.  ,
        0.  ,  0.  ,  0.  ,  0.  ,  0.  ,  0.  ,  0.  ,  0.  ,  0.  ,
        0.  ,  0.  ,  0.  ,  0.  ,  0.  ,  0.  ,  0.  ,  0.  ,  0.  ,
        0.  ,  0.  ,  0.  ,  0.  ,  0.  ,  0.  ,  0.  ,  0.  ,  0.  ,
        0.  ,  0.  ,  0.  ,  0.  ,  0.  ,  0.  ,  0.  ,  0.  ,  0.  ,
        0.  ,  0.  ,  0.  ,  0.  ,  0.  ,  0.  ,  0.  ,  0.  ,  0.  ,
        0.  ,  0.  ,  0.  ,  0.  ,  0.  ,  0.  ,  0.  ,  0.  ,  0.  ,
        0.  ,  0.  ,  0.  ,  0.  ,  0.  ,  0.  ,  0.  ,  0.  ,  0.  ,
        0.  ,  0.  ,  0.  ,  0.  ,  0.  ,  0.  ,  0.  ,  0.  ,  0.  ,
        0.  ,  0.  ,  0.  ,  0.  ,  0.  ,  0.  ,  0.  ,  0.  ,  0.  ,
        0.  ,  0.  ,  0.  ,  0.  ,  0.  , -0.06,  0.  ,  0.  ,  0.  ,
        0.  ,  0.  ,  0.  ,  0.  ,  0.  ,  0.  ,  0.  ,  0.  ,  0.  ,
        0.  ,  0.  ,  0.  ,  0.  ,  0.  ])